{
 "cells": [
  {
   "cell_type": "code",
   "execution_count": 1,
   "metadata": {},
   "outputs": [],
   "source": [
    "import pandas as pd\n",
    "import numpy as np\n",
    "import seaborn as sn\n",
    "from matplotlib import rcParams # plot size customization\n",
    "import matplotlib.pyplot as plt\n",
    "\n",
    "%matplotlib inline\n",
    "rcParams['figure.figsize'] = (15, 10)"
   ]
  },
  {
   "cell_type": "code",
   "execution_count": 2,
   "metadata": {},
   "outputs": [
    {
     "data": {
      "text/html": [
       "<div>\n",
       "<style scoped>\n",
       "    .dataframe tbody tr th:only-of-type {\n",
       "        vertical-align: middle;\n",
       "    }\n",
       "\n",
       "    .dataframe tbody tr th {\n",
       "        vertical-align: top;\n",
       "    }\n",
       "\n",
       "    .dataframe thead th {\n",
       "        text-align: right;\n",
       "    }\n",
       "</style>\n",
       "<table border=\"1\" class=\"dataframe\">\n",
       "  <thead>\n",
       "    <tr style=\"text-align: right;\">\n",
       "      <th></th>\n",
       "      <th>BadgesNo</th>\n",
       "      <th>AttemptCount</th>\n",
       "      <th>Ah1</th>\n",
       "      <th>Ah2</th>\n",
       "      <th>Ah3</th>\n",
       "      <th>ActivityHistory</th>\n",
       "      <th>OtherModules</th>\n",
       "      <th>AtRisk</th>\n",
       "      <th>Book</th>\n",
       "      <th>Choice</th>\n",
       "      <th>...</th>\n",
       "      <th>Feedback</th>\n",
       "      <th>Forum</th>\n",
       "      <th>Glossary</th>\n",
       "      <th>Lesson</th>\n",
       "      <th>Page</th>\n",
       "      <th>Quiz</th>\n",
       "      <th>Survey</th>\n",
       "      <th>Wiki</th>\n",
       "      <th>Workshop</th>\n",
       "      <th>Results</th>\n",
       "    </tr>\n",
       "  </thead>\n",
       "  <tbody>\n",
       "    <tr>\n",
       "      <th>0</th>\n",
       "      <td>0</td>\n",
       "      <td>1</td>\n",
       "      <td>0</td>\n",
       "      <td>0</td>\n",
       "      <td>0</td>\n",
       "      <td>0</td>\n",
       "      <td>1</td>\n",
       "      <td>1</td>\n",
       "      <td>1</td>\n",
       "      <td>1</td>\n",
       "      <td>...</td>\n",
       "      <td>0</td>\n",
       "      <td>0</td>\n",
       "      <td>0</td>\n",
       "      <td>0</td>\n",
       "      <td>2</td>\n",
       "      <td>1</td>\n",
       "      <td>0</td>\n",
       "      <td>0</td>\n",
       "      <td>0</td>\n",
       "      <td>0</td>\n",
       "    </tr>\n",
       "    <tr>\n",
       "      <th>1</th>\n",
       "      <td>1</td>\n",
       "      <td>2</td>\n",
       "      <td>6</td>\n",
       "      <td>0</td>\n",
       "      <td>0</td>\n",
       "      <td>1</td>\n",
       "      <td>2</td>\n",
       "      <td>1</td>\n",
       "      <td>3</td>\n",
       "      <td>1</td>\n",
       "      <td>...</td>\n",
       "      <td>1</td>\n",
       "      <td>2</td>\n",
       "      <td>1</td>\n",
       "      <td>0</td>\n",
       "      <td>7</td>\n",
       "      <td>2</td>\n",
       "      <td>1</td>\n",
       "      <td>1</td>\n",
       "      <td>1</td>\n",
       "      <td>0</td>\n",
       "    </tr>\n",
       "    <tr>\n",
       "      <th>2</th>\n",
       "      <td>2</td>\n",
       "      <td>1</td>\n",
       "      <td>6</td>\n",
       "      <td>6</td>\n",
       "      <td>1</td>\n",
       "      <td>3</td>\n",
       "      <td>3</td>\n",
       "      <td>0</td>\n",
       "      <td>4</td>\n",
       "      <td>1</td>\n",
       "      <td>...</td>\n",
       "      <td>2</td>\n",
       "      <td>3</td>\n",
       "      <td>1</td>\n",
       "      <td>1</td>\n",
       "      <td>12</td>\n",
       "      <td>5</td>\n",
       "      <td>1</td>\n",
       "      <td>1</td>\n",
       "      <td>1</td>\n",
       "      <td>1</td>\n",
       "    </tr>\n",
       "    <tr>\n",
       "      <th>3</th>\n",
       "      <td>2</td>\n",
       "      <td>1</td>\n",
       "      <td>6</td>\n",
       "      <td>6</td>\n",
       "      <td>1</td>\n",
       "      <td>3</td>\n",
       "      <td>4</td>\n",
       "      <td>0</td>\n",
       "      <td>4</td>\n",
       "      <td>1</td>\n",
       "      <td>...</td>\n",
       "      <td>2</td>\n",
       "      <td>3</td>\n",
       "      <td>1</td>\n",
       "      <td>1</td>\n",
       "      <td>12</td>\n",
       "      <td>5</td>\n",
       "      <td>1</td>\n",
       "      <td>1</td>\n",
       "      <td>1</td>\n",
       "      <td>1</td>\n",
       "    </tr>\n",
       "    <tr>\n",
       "      <th>4</th>\n",
       "      <td>1</td>\n",
       "      <td>3</td>\n",
       "      <td>0</td>\n",
       "      <td>0</td>\n",
       "      <td>0</td>\n",
       "      <td>0</td>\n",
       "      <td>2</td>\n",
       "      <td>1</td>\n",
       "      <td>3</td>\n",
       "      <td>1</td>\n",
       "      <td>...</td>\n",
       "      <td>1</td>\n",
       "      <td>2</td>\n",
       "      <td>1</td>\n",
       "      <td>0</td>\n",
       "      <td>7</td>\n",
       "      <td>2</td>\n",
       "      <td>1</td>\n",
       "      <td>1</td>\n",
       "      <td>0</td>\n",
       "      <td>0</td>\n",
       "    </tr>\n",
       "  </tbody>\n",
       "</table>\n",
       "<p>5 rows × 21 columns</p>\n",
       "</div>"
      ],
      "text/plain": [
       "   BadgesNo  AttemptCount  Ah1  Ah2  Ah3  ActivityHistory  OtherModules  \\\n",
       "0         0             1    0    0    0                0             1   \n",
       "1         1             2    6    0    0                1             2   \n",
       "2         2             1    6    6    1                3             3   \n",
       "3         2             1    6    6    1                3             4   \n",
       "4         1             3    0    0    0                0             2   \n",
       "\n",
       "   AtRisk  Book   Choice  ...  Feedback  Forum  Glossary  Lesson  Page  Quiz  \\\n",
       "0       1      1       1  ...         0      0         0       0     2     1   \n",
       "1       1      3       1  ...         1      2         1       0     7     2   \n",
       "2       0      4       1  ...         2      3         1       1    12     5   \n",
       "3       0      4       1  ...         2      3         1       1    12     5   \n",
       "4       1      3       1  ...         1      2         1       0     7     2   \n",
       "\n",
       "   Survey  Wiki  Workshop  Results  \n",
       "0       0     0         0        0  \n",
       "1       1     1         1        0  \n",
       "2       1     1         1        1  \n",
       "3       1     1         1        1  \n",
       "4       1     1         0        0  \n",
       "\n",
       "[5 rows x 21 columns]"
      ]
     },
     "execution_count": 2,
     "metadata": {},
     "output_type": "execute_result"
    }
   ],
   "source": [
    "df = pd.read_csv('final_data.csv', sep=';')\n",
    "df.head()"
   ]
  },
  {
   "cell_type": "code",
   "execution_count": 4,
   "metadata": {},
   "outputs": [
    {
     "data": {
      "text/html": [
       "<div>\n",
       "<style scoped>\n",
       "    .dataframe tbody tr th:only-of-type {\n",
       "        vertical-align: middle;\n",
       "    }\n",
       "\n",
       "    .dataframe tbody tr th {\n",
       "        vertical-align: top;\n",
       "    }\n",
       "\n",
       "    .dataframe thead th {\n",
       "        text-align: right;\n",
       "    }\n",
       "</style>\n",
       "<table border=\"1\" class=\"dataframe\">\n",
       "  <thead>\n",
       "    <tr style=\"text-align: right;\">\n",
       "      <th></th>\n",
       "      <th>BadgesNo</th>\n",
       "      <th>AttemptCount</th>\n",
       "      <th>Ah1</th>\n",
       "      <th>Ah2</th>\n",
       "      <th>Ah3</th>\n",
       "      <th>ActivityHistory</th>\n",
       "      <th>OtherModules</th>\n",
       "      <th>AtRisk</th>\n",
       "      <th>Book</th>\n",
       "      <th>Choice</th>\n",
       "      <th>Data</th>\n",
       "      <th>Feedback</th>\n",
       "      <th>Forum</th>\n",
       "      <th>Glossary</th>\n",
       "      <th>Lesson</th>\n",
       "      <th>Page</th>\n",
       "      <th>Quiz</th>\n",
       "      <th>Survey</th>\n",
       "      <th>Wiki</th>\n",
       "      <th>Workshop</th>\n",
       "    </tr>\n",
       "  </thead>\n",
       "  <tbody>\n",
       "    <tr>\n",
       "      <th>0</th>\n",
       "      <td>0</td>\n",
       "      <td>1</td>\n",
       "      <td>0</td>\n",
       "      <td>0</td>\n",
       "      <td>0</td>\n",
       "      <td>0</td>\n",
       "      <td>1</td>\n",
       "      <td>1</td>\n",
       "      <td>1</td>\n",
       "      <td>1</td>\n",
       "      <td>0</td>\n",
       "      <td>0</td>\n",
       "      <td>0</td>\n",
       "      <td>0</td>\n",
       "      <td>0</td>\n",
       "      <td>2</td>\n",
       "      <td>1</td>\n",
       "      <td>0</td>\n",
       "      <td>0</td>\n",
       "      <td>0</td>\n",
       "    </tr>\n",
       "    <tr>\n",
       "      <th>1</th>\n",
       "      <td>1</td>\n",
       "      <td>2</td>\n",
       "      <td>6</td>\n",
       "      <td>0</td>\n",
       "      <td>0</td>\n",
       "      <td>1</td>\n",
       "      <td>2</td>\n",
       "      <td>1</td>\n",
       "      <td>3</td>\n",
       "      <td>1</td>\n",
       "      <td>0</td>\n",
       "      <td>1</td>\n",
       "      <td>2</td>\n",
       "      <td>1</td>\n",
       "      <td>0</td>\n",
       "      <td>7</td>\n",
       "      <td>2</td>\n",
       "      <td>1</td>\n",
       "      <td>1</td>\n",
       "      <td>1</td>\n",
       "    </tr>\n",
       "    <tr>\n",
       "      <th>2</th>\n",
       "      <td>2</td>\n",
       "      <td>1</td>\n",
       "      <td>6</td>\n",
       "      <td>6</td>\n",
       "      <td>1</td>\n",
       "      <td>3</td>\n",
       "      <td>3</td>\n",
       "      <td>0</td>\n",
       "      <td>4</td>\n",
       "      <td>1</td>\n",
       "      <td>1</td>\n",
       "      <td>2</td>\n",
       "      <td>3</td>\n",
       "      <td>1</td>\n",
       "      <td>1</td>\n",
       "      <td>12</td>\n",
       "      <td>5</td>\n",
       "      <td>1</td>\n",
       "      <td>1</td>\n",
       "      <td>1</td>\n",
       "    </tr>\n",
       "    <tr>\n",
       "      <th>3</th>\n",
       "      <td>2</td>\n",
       "      <td>1</td>\n",
       "      <td>6</td>\n",
       "      <td>6</td>\n",
       "      <td>1</td>\n",
       "      <td>3</td>\n",
       "      <td>4</td>\n",
       "      <td>0</td>\n",
       "      <td>4</td>\n",
       "      <td>1</td>\n",
       "      <td>1</td>\n",
       "      <td>2</td>\n",
       "      <td>3</td>\n",
       "      <td>1</td>\n",
       "      <td>1</td>\n",
       "      <td>12</td>\n",
       "      <td>5</td>\n",
       "      <td>1</td>\n",
       "      <td>1</td>\n",
       "      <td>1</td>\n",
       "    </tr>\n",
       "    <tr>\n",
       "      <th>4</th>\n",
       "      <td>1</td>\n",
       "      <td>3</td>\n",
       "      <td>0</td>\n",
       "      <td>0</td>\n",
       "      <td>0</td>\n",
       "      <td>0</td>\n",
       "      <td>2</td>\n",
       "      <td>1</td>\n",
       "      <td>3</td>\n",
       "      <td>1</td>\n",
       "      <td>0</td>\n",
       "      <td>1</td>\n",
       "      <td>2</td>\n",
       "      <td>1</td>\n",
       "      <td>0</td>\n",
       "      <td>7</td>\n",
       "      <td>2</td>\n",
       "      <td>1</td>\n",
       "      <td>1</td>\n",
       "      <td>0</td>\n",
       "    </tr>\n",
       "  </tbody>\n",
       "</table>\n",
       "</div>"
      ],
      "text/plain": [
       "   BadgesNo  AttemptCount  Ah1  Ah2  Ah3  ActivityHistory  OtherModules  \\\n",
       "0         0             1    0    0    0                0             1   \n",
       "1         1             2    6    0    0                1             2   \n",
       "2         2             1    6    6    1                3             3   \n",
       "3         2             1    6    6    1                3             4   \n",
       "4         1             3    0    0    0                0             2   \n",
       "\n",
       "   AtRisk  Book   Choice  Data  Feedback  Forum  Glossary  Lesson  Page  Quiz  \\\n",
       "0       1      1       1     0         0      0         0       0     2     1   \n",
       "1       1      3       1     0         1      2         1       0     7     2   \n",
       "2       0      4       1     1         2      3         1       1    12     5   \n",
       "3       0      4       1     1         2      3         1       1    12     5   \n",
       "4       1      3       1     0         1      2         1       0     7     2   \n",
       "\n",
       "   Survey  Wiki  Workshop  \n",
       "0       0     0         0  \n",
       "1       1     1         1  \n",
       "2       1     1         1  \n",
       "3       1     1         1  \n",
       "4       1     1         0  "
      ]
     },
     "execution_count": 4,
     "metadata": {},
     "output_type": "execute_result"
    }
   ],
   "source": [
    "X = df.drop('Results',axis=1)\n",
    "X.head()"
   ]
  },
  {
   "cell_type": "code",
   "execution_count": 5,
   "metadata": {},
   "outputs": [
    {
     "data": {
      "text/html": [
       "<div>\n",
       "<style scoped>\n",
       "    .dataframe tbody tr th:only-of-type {\n",
       "        vertical-align: middle;\n",
       "    }\n",
       "\n",
       "    .dataframe tbody tr th {\n",
       "        vertical-align: top;\n",
       "    }\n",
       "\n",
       "    .dataframe thead th {\n",
       "        text-align: right;\n",
       "    }\n",
       "</style>\n",
       "<table border=\"1\" class=\"dataframe\">\n",
       "  <thead>\n",
       "    <tr style=\"text-align: right;\">\n",
       "      <th></th>\n",
       "      <th>BadgesNo</th>\n",
       "      <th>AttemptCount</th>\n",
       "      <th>Ah1</th>\n",
       "      <th>Ah2</th>\n",
       "      <th>Ah3</th>\n",
       "      <th>ActivityHistory</th>\n",
       "      <th>OtherModules</th>\n",
       "      <th>AtRisk</th>\n",
       "      <th>Book</th>\n",
       "      <th>Choice</th>\n",
       "      <th>Data</th>\n",
       "      <th>Feedback</th>\n",
       "      <th>Forum</th>\n",
       "      <th>Glossary</th>\n",
       "      <th>Lesson</th>\n",
       "      <th>Page</th>\n",
       "      <th>Quiz</th>\n",
       "      <th>Survey</th>\n",
       "      <th>Wiki</th>\n",
       "      <th>Workshop</th>\n",
       "    </tr>\n",
       "  </thead>\n",
       "  <tbody>\n",
       "    <tr>\n",
       "      <th>BadgesNo</th>\n",
       "      <td>1.000000</td>\n",
       "      <td>0.026585</td>\n",
       "      <td>0.635389</td>\n",
       "      <td>0.699514</td>\n",
       "      <td>0.723569</td>\n",
       "      <td>0.781618</td>\n",
       "      <td>0.693905</td>\n",
       "      <td>-0.804254</td>\n",
       "      <td>0.721552</td>\n",
       "      <td>0.341346</td>\n",
       "      <td>0.683536</td>\n",
       "      <td>0.821960</td>\n",
       "      <td>0.909337</td>\n",
       "      <td>0.701633</td>\n",
       "      <td>0.795692</td>\n",
       "      <td>0.819601</td>\n",
       "      <td>0.805974</td>\n",
       "      <td>0.680016</td>\n",
       "      <td>0.677296</td>\n",
       "      <td>0.635389</td>\n",
       "    </tr>\n",
       "    <tr>\n",
       "      <th>AttemptCount</th>\n",
       "      <td>0.026585</td>\n",
       "      <td>1.000000</td>\n",
       "      <td>0.007107</td>\n",
       "      <td>-0.030789</td>\n",
       "      <td>-0.043607</td>\n",
       "      <td>-0.026200</td>\n",
       "      <td>-0.005883</td>\n",
       "      <td>0.027692</td>\n",
       "      <td>0.034563</td>\n",
       "      <td>0.045744</td>\n",
       "      <td>-0.049019</td>\n",
       "      <td>-0.029551</td>\n",
       "      <td>0.025927</td>\n",
       "      <td>0.020279</td>\n",
       "      <td>-0.067098</td>\n",
       "      <td>-0.013358</td>\n",
       "      <td>-0.027638</td>\n",
       "      <td>0.021338</td>\n",
       "      <td>0.031535</td>\n",
       "      <td>0.007107</td>\n",
       "    </tr>\n",
       "    <tr>\n",
       "      <th>Ah1</th>\n",
       "      <td>0.635389</td>\n",
       "      <td>0.007107</td>\n",
       "      <td>1.000000</td>\n",
       "      <td>0.767973</td>\n",
       "      <td>0.539038</td>\n",
       "      <td>0.869737</td>\n",
       "      <td>0.495315</td>\n",
       "      <td>-0.726201</td>\n",
       "      <td>0.543289</td>\n",
       "      <td>0.163965</td>\n",
       "      <td>0.535758</td>\n",
       "      <td>0.553233</td>\n",
       "      <td>0.536981</td>\n",
       "      <td>0.588951</td>\n",
       "      <td>0.563902</td>\n",
       "      <td>0.587715</td>\n",
       "      <td>0.593096</td>\n",
       "      <td>0.562008</td>\n",
       "      <td>0.560771</td>\n",
       "      <td>1.000000</td>\n",
       "    </tr>\n",
       "    <tr>\n",
       "      <th>Ah2</th>\n",
       "      <td>0.699514</td>\n",
       "      <td>-0.030789</td>\n",
       "      <td>0.767973</td>\n",
       "      <td>1.000000</td>\n",
       "      <td>0.668191</td>\n",
       "      <td>0.925895</td>\n",
       "      <td>0.593934</td>\n",
       "      <td>-0.830305</td>\n",
       "      <td>0.609790</td>\n",
       "      <td>0.183020</td>\n",
       "      <td>0.652814</td>\n",
       "      <td>0.646981</td>\n",
       "      <td>0.630733</td>\n",
       "      <td>0.601142</td>\n",
       "      <td>0.689352</td>\n",
       "      <td>0.691125</td>\n",
       "      <td>0.705768</td>\n",
       "      <td>0.600810</td>\n",
       "      <td>0.593169</td>\n",
       "      <td>0.767973</td>\n",
       "    </tr>\n",
       "    <tr>\n",
       "      <th>Ah3</th>\n",
       "      <td>0.723569</td>\n",
       "      <td>-0.043607</td>\n",
       "      <td>0.539038</td>\n",
       "      <td>0.668191</td>\n",
       "      <td>1.000000</td>\n",
       "      <td>0.840564</td>\n",
       "      <td>0.763526</td>\n",
       "      <td>-0.851617</td>\n",
       "      <td>0.703848</td>\n",
       "      <td>0.174247</td>\n",
       "      <td>0.845398</td>\n",
       "      <td>0.796600</td>\n",
       "      <td>0.742436</td>\n",
       "      <td>0.692330</td>\n",
       "      <td>0.858417</td>\n",
       "      <td>0.846784</td>\n",
       "      <td>0.945510</td>\n",
       "      <td>0.718279</td>\n",
       "      <td>0.706064</td>\n",
       "      <td>0.539038</td>\n",
       "    </tr>\n",
       "    <tr>\n",
       "      <th>ActivityHistory</th>\n",
       "      <td>0.781618</td>\n",
       "      <td>-0.026200</td>\n",
       "      <td>0.869737</td>\n",
       "      <td>0.925895</td>\n",
       "      <td>0.840564</td>\n",
       "      <td>1.000000</td>\n",
       "      <td>0.704897</td>\n",
       "      <td>-0.914833</td>\n",
       "      <td>0.705579</td>\n",
       "      <td>0.197891</td>\n",
       "      <td>0.774010</td>\n",
       "      <td>0.759331</td>\n",
       "      <td>0.726293</td>\n",
       "      <td>0.714332</td>\n",
       "      <td>0.803496</td>\n",
       "      <td>0.808357</td>\n",
       "      <td>0.853934</td>\n",
       "      <td>0.714396</td>\n",
       "      <td>0.706271</td>\n",
       "      <td>0.869737</td>\n",
       "    </tr>\n",
       "    <tr>\n",
       "      <th>OtherModules</th>\n",
       "      <td>0.693905</td>\n",
       "      <td>-0.005883</td>\n",
       "      <td>0.495315</td>\n",
       "      <td>0.593934</td>\n",
       "      <td>0.763526</td>\n",
       "      <td>0.704897</td>\n",
       "      <td>1.000000</td>\n",
       "      <td>-0.718110</td>\n",
       "      <td>0.656682</td>\n",
       "      <td>0.223444</td>\n",
       "      <td>0.699300</td>\n",
       "      <td>0.742227</td>\n",
       "      <td>0.684676</td>\n",
       "      <td>0.668336</td>\n",
       "      <td>0.751918</td>\n",
       "      <td>0.755679</td>\n",
       "      <td>0.827056</td>\n",
       "      <td>0.681905</td>\n",
       "      <td>0.669374</td>\n",
       "      <td>0.495315</td>\n",
       "    </tr>\n",
       "    <tr>\n",
       "      <th>AtRisk</th>\n",
       "      <td>-0.804254</td>\n",
       "      <td>0.027692</td>\n",
       "      <td>-0.726201</td>\n",
       "      <td>-0.830305</td>\n",
       "      <td>-0.851617</td>\n",
       "      <td>-0.914833</td>\n",
       "      <td>-0.718110</td>\n",
       "      <td>1.000000</td>\n",
       "      <td>-0.674062</td>\n",
       "      <td>-0.215464</td>\n",
       "      <td>-0.750389</td>\n",
       "      <td>-0.768223</td>\n",
       "      <td>-0.726867</td>\n",
       "      <td>-0.665721</td>\n",
       "      <td>-0.831511</td>\n",
       "      <td>-0.801472</td>\n",
       "      <td>-0.865212</td>\n",
       "      <td>-0.668720</td>\n",
       "      <td>-0.655234</td>\n",
       "      <td>-0.726201</td>\n",
       "    </tr>\n",
       "    <tr>\n",
       "      <th>Book</th>\n",
       "      <td>0.721552</td>\n",
       "      <td>0.034563</td>\n",
       "      <td>0.543289</td>\n",
       "      <td>0.609790</td>\n",
       "      <td>0.703848</td>\n",
       "      <td>0.705579</td>\n",
       "      <td>0.656682</td>\n",
       "      <td>-0.674062</td>\n",
       "      <td>1.000000</td>\n",
       "      <td>0.420765</td>\n",
       "      <td>0.729962</td>\n",
       "      <td>0.806444</td>\n",
       "      <td>0.800065</td>\n",
       "      <td>0.786557</td>\n",
       "      <td>0.750044</td>\n",
       "      <td>0.891806</td>\n",
       "      <td>0.781198</td>\n",
       "      <td>0.871441</td>\n",
       "      <td>0.867890</td>\n",
       "      <td>0.543289</td>\n",
       "    </tr>\n",
       "    <tr>\n",
       "      <th>Choice</th>\n",
       "      <td>0.341346</td>\n",
       "      <td>0.045744</td>\n",
       "      <td>0.163965</td>\n",
       "      <td>0.183020</td>\n",
       "      <td>0.174247</td>\n",
       "      <td>0.197891</td>\n",
       "      <td>0.223444</td>\n",
       "      <td>-0.215464</td>\n",
       "      <td>0.420765</td>\n",
       "      <td>1.000000</td>\n",
       "      <td>0.239120</td>\n",
       "      <td>0.376577</td>\n",
       "      <td>0.377744</td>\n",
       "      <td>0.310076</td>\n",
       "      <td>0.252033</td>\n",
       "      <td>0.367940</td>\n",
       "      <td>0.253257</td>\n",
       "      <td>0.325363</td>\n",
       "      <td>0.331288</td>\n",
       "      <td>0.163965</td>\n",
       "    </tr>\n",
       "    <tr>\n",
       "      <th>Data</th>\n",
       "      <td>0.683536</td>\n",
       "      <td>-0.049019</td>\n",
       "      <td>0.535758</td>\n",
       "      <td>0.652814</td>\n",
       "      <td>0.845398</td>\n",
       "      <td>0.774010</td>\n",
       "      <td>0.699300</td>\n",
       "      <td>-0.750389</td>\n",
       "      <td>0.729962</td>\n",
       "      <td>0.239120</td>\n",
       "      <td>1.000000</td>\n",
       "      <td>0.732672</td>\n",
       "      <td>0.720239</td>\n",
       "      <td>0.716314</td>\n",
       "      <td>0.783072</td>\n",
       "      <td>0.826583</td>\n",
       "      <td>0.848244</td>\n",
       "      <td>0.731725</td>\n",
       "      <td>0.729188</td>\n",
       "      <td>0.535758</td>\n",
       "    </tr>\n",
       "    <tr>\n",
       "      <th>Feedback</th>\n",
       "      <td>0.821960</td>\n",
       "      <td>-0.029551</td>\n",
       "      <td>0.553233</td>\n",
       "      <td>0.646981</td>\n",
       "      <td>0.796600</td>\n",
       "      <td>0.759331</td>\n",
       "      <td>0.742227</td>\n",
       "      <td>-0.768223</td>\n",
       "      <td>0.806444</td>\n",
       "      <td>0.376577</td>\n",
       "      <td>0.732672</td>\n",
       "      <td>1.000000</td>\n",
       "      <td>0.843854</td>\n",
       "      <td>0.741334</td>\n",
       "      <td>0.860966</td>\n",
       "      <td>0.891021</td>\n",
       "      <td>0.875501</td>\n",
       "      <td>0.758848</td>\n",
       "      <td>0.758274</td>\n",
       "      <td>0.553233</td>\n",
       "    </tr>\n",
       "    <tr>\n",
       "      <th>Forum</th>\n",
       "      <td>0.909337</td>\n",
       "      <td>0.025927</td>\n",
       "      <td>0.536981</td>\n",
       "      <td>0.630733</td>\n",
       "      <td>0.742436</td>\n",
       "      <td>0.726293</td>\n",
       "      <td>0.684676</td>\n",
       "      <td>-0.726867</td>\n",
       "      <td>0.800065</td>\n",
       "      <td>0.377744</td>\n",
       "      <td>0.720239</td>\n",
       "      <td>0.843854</td>\n",
       "      <td>1.000000</td>\n",
       "      <td>0.718207</td>\n",
       "      <td>0.799237</td>\n",
       "      <td>0.901153</td>\n",
       "      <td>0.810838</td>\n",
       "      <td>0.728598</td>\n",
       "      <td>0.723249</td>\n",
       "      <td>0.536981</td>\n",
       "    </tr>\n",
       "    <tr>\n",
       "      <th>Glossary</th>\n",
       "      <td>0.701633</td>\n",
       "      <td>0.020279</td>\n",
       "      <td>0.588951</td>\n",
       "      <td>0.601142</td>\n",
       "      <td>0.692330</td>\n",
       "      <td>0.714332</td>\n",
       "      <td>0.668336</td>\n",
       "      <td>-0.665721</td>\n",
       "      <td>0.786557</td>\n",
       "      <td>0.310076</td>\n",
       "      <td>0.716314</td>\n",
       "      <td>0.741334</td>\n",
       "      <td>0.718207</td>\n",
       "      <td>1.000000</td>\n",
       "      <td>0.697693</td>\n",
       "      <td>0.785119</td>\n",
       "      <td>0.784808</td>\n",
       "      <td>0.846799</td>\n",
       "      <td>0.867562</td>\n",
       "      <td>0.588951</td>\n",
       "    </tr>\n",
       "    <tr>\n",
       "      <th>Lesson</th>\n",
       "      <td>0.795692</td>\n",
       "      <td>-0.067098</td>\n",
       "      <td>0.563902</td>\n",
       "      <td>0.689352</td>\n",
       "      <td>0.858417</td>\n",
       "      <td>0.803496</td>\n",
       "      <td>0.751918</td>\n",
       "      <td>-0.831511</td>\n",
       "      <td>0.750044</td>\n",
       "      <td>0.252033</td>\n",
       "      <td>0.783072</td>\n",
       "      <td>0.860966</td>\n",
       "      <td>0.799237</td>\n",
       "      <td>0.697693</td>\n",
       "      <td>1.000000</td>\n",
       "      <td>0.907850</td>\n",
       "      <td>0.902764</td>\n",
       "      <td>0.737176</td>\n",
       "      <td>0.727408</td>\n",
       "      <td>0.563902</td>\n",
       "    </tr>\n",
       "    <tr>\n",
       "      <th>Page</th>\n",
       "      <td>0.819601</td>\n",
       "      <td>-0.013358</td>\n",
       "      <td>0.587715</td>\n",
       "      <td>0.691125</td>\n",
       "      <td>0.846784</td>\n",
       "      <td>0.808357</td>\n",
       "      <td>0.755679</td>\n",
       "      <td>-0.801472</td>\n",
       "      <td>0.891806</td>\n",
       "      <td>0.367940</td>\n",
       "      <td>0.826583</td>\n",
       "      <td>0.891021</td>\n",
       "      <td>0.901153</td>\n",
       "      <td>0.785119</td>\n",
       "      <td>0.907850</td>\n",
       "      <td>1.000000</td>\n",
       "      <td>0.902555</td>\n",
       "      <td>0.838889</td>\n",
       "      <td>0.828551</td>\n",
       "      <td>0.587715</td>\n",
       "    </tr>\n",
       "    <tr>\n",
       "      <th>Quiz</th>\n",
       "      <td>0.805974</td>\n",
       "      <td>-0.027638</td>\n",
       "      <td>0.593096</td>\n",
       "      <td>0.705768</td>\n",
       "      <td>0.945510</td>\n",
       "      <td>0.853934</td>\n",
       "      <td>0.827056</td>\n",
       "      <td>-0.865212</td>\n",
       "      <td>0.781198</td>\n",
       "      <td>0.253257</td>\n",
       "      <td>0.848244</td>\n",
       "      <td>0.875501</td>\n",
       "      <td>0.810838</td>\n",
       "      <td>0.784808</td>\n",
       "      <td>0.902764</td>\n",
       "      <td>0.902555</td>\n",
       "      <td>1.000000</td>\n",
       "      <td>0.803797</td>\n",
       "      <td>0.791884</td>\n",
       "      <td>0.593096</td>\n",
       "    </tr>\n",
       "    <tr>\n",
       "      <th>Survey</th>\n",
       "      <td>0.680016</td>\n",
       "      <td>0.021338</td>\n",
       "      <td>0.562008</td>\n",
       "      <td>0.600810</td>\n",
       "      <td>0.718279</td>\n",
       "      <td>0.714396</td>\n",
       "      <td>0.681905</td>\n",
       "      <td>-0.668720</td>\n",
       "      <td>0.871441</td>\n",
       "      <td>0.325363</td>\n",
       "      <td>0.731725</td>\n",
       "      <td>0.758848</td>\n",
       "      <td>0.728598</td>\n",
       "      <td>0.846799</td>\n",
       "      <td>0.737176</td>\n",
       "      <td>0.838889</td>\n",
       "      <td>0.803797</td>\n",
       "      <td>1.000000</td>\n",
       "      <td>0.946831</td>\n",
       "      <td>0.562008</td>\n",
       "    </tr>\n",
       "    <tr>\n",
       "      <th>Wiki</th>\n",
       "      <td>0.677296</td>\n",
       "      <td>0.031535</td>\n",
       "      <td>0.560771</td>\n",
       "      <td>0.593169</td>\n",
       "      <td>0.706064</td>\n",
       "      <td>0.706271</td>\n",
       "      <td>0.669374</td>\n",
       "      <td>-0.655234</td>\n",
       "      <td>0.867890</td>\n",
       "      <td>0.331288</td>\n",
       "      <td>0.729188</td>\n",
       "      <td>0.758274</td>\n",
       "      <td>0.723249</td>\n",
       "      <td>0.867562</td>\n",
       "      <td>0.727408</td>\n",
       "      <td>0.828551</td>\n",
       "      <td>0.791884</td>\n",
       "      <td>0.946831</td>\n",
       "      <td>1.000000</td>\n",
       "      <td>0.560771</td>\n",
       "    </tr>\n",
       "    <tr>\n",
       "      <th>Workshop</th>\n",
       "      <td>0.635389</td>\n",
       "      <td>0.007107</td>\n",
       "      <td>1.000000</td>\n",
       "      <td>0.767973</td>\n",
       "      <td>0.539038</td>\n",
       "      <td>0.869737</td>\n",
       "      <td>0.495315</td>\n",
       "      <td>-0.726201</td>\n",
       "      <td>0.543289</td>\n",
       "      <td>0.163965</td>\n",
       "      <td>0.535758</td>\n",
       "      <td>0.553233</td>\n",
       "      <td>0.536981</td>\n",
       "      <td>0.588951</td>\n",
       "      <td>0.563902</td>\n",
       "      <td>0.587715</td>\n",
       "      <td>0.593096</td>\n",
       "      <td>0.562008</td>\n",
       "      <td>0.560771</td>\n",
       "      <td>1.000000</td>\n",
       "    </tr>\n",
       "  </tbody>\n",
       "</table>\n",
       "</div>"
      ],
      "text/plain": [
       "                 BadgesNo  AttemptCount       Ah1       Ah2       Ah3  \\\n",
       "BadgesNo         1.000000      0.026585  0.635389  0.699514  0.723569   \n",
       "AttemptCount     0.026585      1.000000  0.007107 -0.030789 -0.043607   \n",
       "Ah1              0.635389      0.007107  1.000000  0.767973  0.539038   \n",
       "Ah2              0.699514     -0.030789  0.767973  1.000000  0.668191   \n",
       "Ah3              0.723569     -0.043607  0.539038  0.668191  1.000000   \n",
       "ActivityHistory  0.781618     -0.026200  0.869737  0.925895  0.840564   \n",
       "OtherModules     0.693905     -0.005883  0.495315  0.593934  0.763526   \n",
       "AtRisk          -0.804254      0.027692 -0.726201 -0.830305 -0.851617   \n",
       "Book             0.721552      0.034563  0.543289  0.609790  0.703848   \n",
       "Choice           0.341346      0.045744  0.163965  0.183020  0.174247   \n",
       "Data             0.683536     -0.049019  0.535758  0.652814  0.845398   \n",
       "Feedback         0.821960     -0.029551  0.553233  0.646981  0.796600   \n",
       "Forum            0.909337      0.025927  0.536981  0.630733  0.742436   \n",
       "Glossary         0.701633      0.020279  0.588951  0.601142  0.692330   \n",
       "Lesson           0.795692     -0.067098  0.563902  0.689352  0.858417   \n",
       "Page             0.819601     -0.013358  0.587715  0.691125  0.846784   \n",
       "Quiz             0.805974     -0.027638  0.593096  0.705768  0.945510   \n",
       "Survey           0.680016      0.021338  0.562008  0.600810  0.718279   \n",
       "Wiki             0.677296      0.031535  0.560771  0.593169  0.706064   \n",
       "Workshop         0.635389      0.007107  1.000000  0.767973  0.539038   \n",
       "\n",
       "                 ActivityHistory  OtherModules    AtRisk     Book     Choice  \\\n",
       "BadgesNo                0.781618      0.693905 -0.804254  0.721552  0.341346   \n",
       "AttemptCount           -0.026200     -0.005883  0.027692  0.034563  0.045744   \n",
       "Ah1                     0.869737      0.495315 -0.726201  0.543289  0.163965   \n",
       "Ah2                     0.925895      0.593934 -0.830305  0.609790  0.183020   \n",
       "Ah3                     0.840564      0.763526 -0.851617  0.703848  0.174247   \n",
       "ActivityHistory         1.000000      0.704897 -0.914833  0.705579  0.197891   \n",
       "OtherModules            0.704897      1.000000 -0.718110  0.656682  0.223444   \n",
       "AtRisk                 -0.914833     -0.718110  1.000000 -0.674062 -0.215464   \n",
       "Book                    0.705579      0.656682 -0.674062  1.000000  0.420765   \n",
       "Choice                  0.197891      0.223444 -0.215464  0.420765  1.000000   \n",
       "Data                    0.774010      0.699300 -0.750389  0.729962  0.239120   \n",
       "Feedback                0.759331      0.742227 -0.768223  0.806444  0.376577   \n",
       "Forum                   0.726293      0.684676 -0.726867  0.800065  0.377744   \n",
       "Glossary                0.714332      0.668336 -0.665721  0.786557  0.310076   \n",
       "Lesson                  0.803496      0.751918 -0.831511  0.750044  0.252033   \n",
       "Page                    0.808357      0.755679 -0.801472  0.891806  0.367940   \n",
       "Quiz                    0.853934      0.827056 -0.865212  0.781198  0.253257   \n",
       "Survey                  0.714396      0.681905 -0.668720  0.871441  0.325363   \n",
       "Wiki                    0.706271      0.669374 -0.655234  0.867890  0.331288   \n",
       "Workshop                0.869737      0.495315 -0.726201  0.543289  0.163965   \n",
       "\n",
       "                     Data  Feedback     Forum  Glossary    Lesson      Page  \\\n",
       "BadgesNo         0.683536  0.821960  0.909337  0.701633  0.795692  0.819601   \n",
       "AttemptCount    -0.049019 -0.029551  0.025927  0.020279 -0.067098 -0.013358   \n",
       "Ah1              0.535758  0.553233  0.536981  0.588951  0.563902  0.587715   \n",
       "Ah2              0.652814  0.646981  0.630733  0.601142  0.689352  0.691125   \n",
       "Ah3              0.845398  0.796600  0.742436  0.692330  0.858417  0.846784   \n",
       "ActivityHistory  0.774010  0.759331  0.726293  0.714332  0.803496  0.808357   \n",
       "OtherModules     0.699300  0.742227  0.684676  0.668336  0.751918  0.755679   \n",
       "AtRisk          -0.750389 -0.768223 -0.726867 -0.665721 -0.831511 -0.801472   \n",
       "Book             0.729962  0.806444  0.800065  0.786557  0.750044  0.891806   \n",
       "Choice           0.239120  0.376577  0.377744  0.310076  0.252033  0.367940   \n",
       "Data             1.000000  0.732672  0.720239  0.716314  0.783072  0.826583   \n",
       "Feedback         0.732672  1.000000  0.843854  0.741334  0.860966  0.891021   \n",
       "Forum            0.720239  0.843854  1.000000  0.718207  0.799237  0.901153   \n",
       "Glossary         0.716314  0.741334  0.718207  1.000000  0.697693  0.785119   \n",
       "Lesson           0.783072  0.860966  0.799237  0.697693  1.000000  0.907850   \n",
       "Page             0.826583  0.891021  0.901153  0.785119  0.907850  1.000000   \n",
       "Quiz             0.848244  0.875501  0.810838  0.784808  0.902764  0.902555   \n",
       "Survey           0.731725  0.758848  0.728598  0.846799  0.737176  0.838889   \n",
       "Wiki             0.729188  0.758274  0.723249  0.867562  0.727408  0.828551   \n",
       "Workshop         0.535758  0.553233  0.536981  0.588951  0.563902  0.587715   \n",
       "\n",
       "                     Quiz    Survey      Wiki  Workshop  \n",
       "BadgesNo         0.805974  0.680016  0.677296  0.635389  \n",
       "AttemptCount    -0.027638  0.021338  0.031535  0.007107  \n",
       "Ah1              0.593096  0.562008  0.560771  1.000000  \n",
       "Ah2              0.705768  0.600810  0.593169  0.767973  \n",
       "Ah3              0.945510  0.718279  0.706064  0.539038  \n",
       "ActivityHistory  0.853934  0.714396  0.706271  0.869737  \n",
       "OtherModules     0.827056  0.681905  0.669374  0.495315  \n",
       "AtRisk          -0.865212 -0.668720 -0.655234 -0.726201  \n",
       "Book             0.781198  0.871441  0.867890  0.543289  \n",
       "Choice           0.253257  0.325363  0.331288  0.163965  \n",
       "Data             0.848244  0.731725  0.729188  0.535758  \n",
       "Feedback         0.875501  0.758848  0.758274  0.553233  \n",
       "Forum            0.810838  0.728598  0.723249  0.536981  \n",
       "Glossary         0.784808  0.846799  0.867562  0.588951  \n",
       "Lesson           0.902764  0.737176  0.727408  0.563902  \n",
       "Page             0.902555  0.838889  0.828551  0.587715  \n",
       "Quiz             1.000000  0.803797  0.791884  0.593096  \n",
       "Survey           0.803797  1.000000  0.946831  0.562008  \n",
       "Wiki             0.791884  0.946831  1.000000  0.560771  \n",
       "Workshop         0.593096  0.562008  0.560771  1.000000  "
      ]
     },
     "execution_count": 5,
     "metadata": {},
     "output_type": "execute_result"
    }
   ],
   "source": [
    "X.corr()"
   ]
  },
  {
   "cell_type": "code",
   "execution_count": 6,
   "metadata": {},
   "outputs": [
    {
     "name": "stdout",
     "output_type": "stream",
     "text": [
      "                 BadgesNo  AttemptCount       Ah1       Ah2       Ah3  \\\n",
      "BadgesNo         1.000000      0.026585  0.635389  0.699514  0.723569   \n",
      "AttemptCount     0.026585      1.000000  0.007107 -0.030789 -0.043607   \n",
      "Ah1              0.635389      0.007107  1.000000  0.767973  0.539038   \n",
      "Ah2              0.699514     -0.030789  0.767973  1.000000  0.668191   \n",
      "Ah3              0.723569     -0.043607  0.539038  0.668191  1.000000   \n",
      "ActivityHistory  0.781618     -0.026200  0.869737  0.925895  0.840564   \n",
      "OtherModules     0.693905     -0.005883  0.495315  0.593934  0.763526   \n",
      "AtRisk          -0.804254      0.027692 -0.726201 -0.830305 -0.851617   \n",
      "Book             0.721552      0.034563  0.543289  0.609790  0.703848   \n",
      "Choice           0.341346      0.045744  0.163965  0.183020  0.174247   \n",
      "Data             0.683536     -0.049019  0.535758  0.652814  0.845398   \n",
      "Feedback         0.821960     -0.029551  0.553233  0.646981  0.796600   \n",
      "Forum            0.909337      0.025927  0.536981  0.630733  0.742436   \n",
      "Glossary         0.701633      0.020279  0.588951  0.601142  0.692330   \n",
      "Lesson           0.795692     -0.067098  0.563902  0.689352  0.858417   \n",
      "Page             0.819601     -0.013358  0.587715  0.691125  0.846784   \n",
      "Quiz             0.805974     -0.027638  0.593096  0.705768  0.945510   \n",
      "Survey           0.680016      0.021338  0.562008  0.600810  0.718279   \n",
